vesselCount = 6
UT = 67941.499455904705
gameMode = CAREER
gameNull = False
gameCompatible = True
funds = 962900.64566893305
science = 42
reputationPercent = 47
ongoingContracts = 11
saveMD5 = 51e8e754e55d0eea7b5ee2a963f51256
