saveMD5 = 0bf65f8cb47318b009160d89a2e84d37
vesselCount = 3
UT = 16703.803510911566
gameMode = CAREER
gameNull = False
gameCompatible = True
funds = 182846.995501875
science = 60
reputationPercent = 6
ongoingContracts = 0
saveMD5 = 0bf65f8cb47318b009160d89a2e84d37
