saveMD5 = 0c68ea143e89317a5d0aa65d22200cff
vesselCount = 2
UT = 16894.243510915723
gameMode = CAREER
gameNull = False
gameCompatible = True
funds = 182846.995501875
science = 60
reputationPercent = 6
ongoingContracts = 0
saveMD5 = 0c68ea143e89317a5d0aa65d22200cff
