saveMD5 = 9403bff9f02d4766ba7ba406bbdd5855
vesselCount = 2
UT = 16535.38351090789
gameMode = CAREER
gameNull = False
gameCompatible = True
funds = 182846.995501875
science = 60
reputationPercent = 6
ongoingContracts = 0
saveMD5 = 9403bff9f02d4766ba7ba406bbdd5855
