saveMD5 = 53e252c54b2672c26e59e3a1afb420cb
vesselCount = 3
UT = 16587.683510909032
gameMode = CAREER
gameNull = False
gameCompatible = True
funds = 182846.995501875
science = 60
reputationPercent = 6
ongoingContracts = 0
saveMD5 = 53e252c54b2672c26e59e3a1afb420cb
