vesselCount = 1
UT = 10501.075610337261
gameMode = CAREER
gameNull = False
gameCompatible = True
funds = 192486.995501875
science = 60
reputationPercent = 6
ongoingContracts = 0
saveMD5 = 92f99c5ce640b27a7f9301dd2eca8771
