vesselCount = 3
UT = 10612.175610339686
gameMode = CAREER
gameNull = False
gameCompatible = True
funds = 191886.995501875
science = 60
reputationPercent = 6
ongoingContracts = 0
saveMD5 = 205f028102c02a344a12853cf9b009ad
