vesselCount = 2
UT = 16414.383510905249
gameMode = CAREER
gameNull = False
gameCompatible = True
funds = 182846.995501875
science = 60
reputationPercent = 6
ongoingContracts = 0
saveMD5 = 78c8fae1bca0d4d407cffa2e3332f3f6
